661 -52 -632 292 -266 486 490 678 653
32 150 -155 -200 -52 242 924 728 137 -237 931 -89 -111 129 742 -234 128 983 238 -199 284 239 -900 456 76
899 832 84 111 -233 -949 305 -469 438 -39 -559 766 -80 -120 476 189 876 338 153 -848 151 -334 506 -435 190 221 208 -947 -523 -643 841 27 -431 954 -913 -206 239 -777 -320 694 273 218 -775 -88 -685 -213 666 -604 929
3 2 2 1 7 8
661 -52 -632 292 -266 486 490 678 653
-94 -142 258
661 -52 -632 292 -266 486 490 678 653
-94 -142
1 2 4 8 1 2 4 8 1 15 225 3375 1 14 196 2744
-135 -94 -142 258
-976289 162056
-655104 -448497
11161
276947